[gd_scene load_steps=41 format=3 uid="uid://nlp0xy1m65tp"]

[ext_resource type="Script" uid="uid://uvb2g81nntt2" path="res://Scenes and Scripts/Scenes/Story Mode/Start Cutscene/StoryMode_StartCutscene_SCRIPT.gd" id="1_4d7y3"]
[ext_resource type="Shader" uid="uid://b2gi30s113t00" path="res://Scenes and Scripts/Scenes/The Island/TheIslandSeaWater.gdshader" id="2_cfn0j"]
[ext_resource type="Environment" uid="uid://d1cbu0qgvxnuh" path="res://Resources/Environment/StoryMode_StartCutscene_WorldEnvironment.tres" id="2_g8pos"]
[ext_resource type="Script" uid="uid://dudqfc8y403pg" path="res://Textures/Icons/Script Icons/Scripts/RiverIcon_SCRIPT.gd" id="3_os8dc"]
[ext_resource type="PackedScene" uid="uid://cn1krf62jowgb" path="res://Scenes and Scripts/Scenes/Dialogue/MinimalDialogue.tscn" id="4_7s4ab"]
[ext_resource type="PackedScene" uid="uid://ck0guuhifgbmr" path="res://Assets/3D Models/Cutscenes/Story Mode/Start Cutscene/Models/Yacht.blend" id="4_os8dc"]
[ext_resource type="Shader" uid="uid://brub6nkftipc1" path="res://Resources/Shaders/Clouds.gdshader" id="5_encjm"]
[ext_resource type="Script" uid="uid://dn1b1gnwe5iap" path="res://Textures/Icons/Script Icons/Scripts/LightbulbIcon_SCRIPT.gd" id="6_to1x2"]
[ext_resource type="PackedScene" uid="uid://crw6j1eee7306" path="res://Scenes and Scripts/Scenes/Story Mode/Start Cutscene/Props/GreenLever.tscn" id="8_f3l76"]

[sub_resource type="FastNoiseLite" id="FastNoiseLite_oopga"]

[sub_resource type="NoiseTexture2D" id="NoiseTexture2D_encjm"]
seamless = true
as_normal_map = true
noise = SubResource("FastNoiseLite_oopga")

[sub_resource type="FastNoiseLite" id="FastNoiseLite_u6jhm"]

[sub_resource type="NoiseTexture2D" id="NoiseTexture2D_to1x2"]
seamless = true
as_normal_map = true
noise = SubResource("FastNoiseLite_u6jhm")

[sub_resource type="ShaderMaterial" id="ShaderMaterial_g8pos"]
render_priority = 0
shader = ExtResource("2_cfn0j")
shader_parameter/albedo = Color(0.12549, 0.584314, 1, 0.839216)
shader_parameter/point_size = 1.0
shader_parameter/roughness = 0.0
shader_parameter/metallic_texture_channel = Vector4(0, 0, 0, 0)
shader_parameter/specular = 1.0
shader_parameter/metallic = 0.0
shader_parameter/texture_refraction = SubResource("NoiseTexture2D_to1x2")
shader_parameter/refraction = 0.05
shader_parameter/refraction_texture_channel = Vector4(0, 0, 0, 0)
shader_parameter/texture_normal = SubResource("NoiseTexture2D_encjm")
shader_parameter/normal_scale = 1.0
shader_parameter/uv1_blend_sharpness = 1.0
shader_parameter/uv1_scale = Vector3(0.01, 0.01, 0.01)
shader_parameter/uv1_offset = Vector3(0, 0, 0)
shader_parameter/uv2_scale = Vector3(1, 1, 1)
shader_parameter/uv2_offset = Vector3(0, 0, 0)
shader_parameter/wave_amplitude = 0.0
shader_parameter/wave_frequency = 0.1
shader_parameter/wave_speed = 0.169
shader_parameter/secondary_wave_amplitude = 0.0
shader_parameter/secondary_wave_frequency = 0.1
shader_parameter/secondary_wave_speed = 0.1

[sub_resource type="BoxMesh" id="BoxMesh_7s4ab"]
material = SubResource("ShaderMaterial_g8pos")

[sub_resource type="BoxShape3D" id="BoxShape3D_7s4ab"]
size = Vector3(10.6402, 0.282715, 2.05533)

[sub_resource type="BoxShape3D" id="BoxShape3D_ec70e"]
size = Vector3(0.189156, 2.01709, 2.25504)

[sub_resource type="BoxShape3D" id="BoxShape3D_smf4g"]
size = Vector3(1.07837, 1.21918, 0.805542)

[sub_resource type="BoxShape3D" id="BoxShape3D_2wqp2"]
size = Vector3(0.877014, 1.21918, 1.17464)

[sub_resource type="BoxShape3D" id="BoxShape3D_yeq2m"]
size = Vector3(0.189156, 2.01709, 2.24771)

[sub_resource type="BoxShape3D" id="BoxShape3D_44ck5"]
size = Vector3(0.189156, 2.01709, 5.67342)

[sub_resource type="BoxShape3D" id="BoxShape3D_n7233"]
size = Vector3(3.38806, 1.81201, 0.58313)

[sub_resource type="BoxShape3D" id="BoxShape3D_gk6k1"]
size = Vector3(0.0760232, 1.81616, 4.07979)

[sub_resource type="BoxShape3D" id="BoxShape3D_w18yt"]
size = Vector3(11.243, 0.282715, 3.65436)

[sub_resource type="BoxShape3D" id="BoxShape3D_f3l76"]
size = Vector3(9.55203, 0.282715, 0.891492)

[sub_resource type="BoxShape3D" id="BoxShape3D_l057t"]
size = Vector3(1.17264, 0.282715, 1.04893)

[sub_resource type="Gradient" id="Gradient_to1x2"]
offsets = PackedFloat32Array(0.238411, 1)

[sub_resource type="FastNoiseLite" id="FastNoiseLite_g8pos"]
noise_type = 3
seed = 256
frequency = 0.001
fractal_octaves = 4
fractal_lacunarity = 8.0
fractal_gain = 1.0
fractal_ping_pong_strength = 4.21

[sub_resource type="NoiseTexture3D" id="NoiseTexture3D_7s4ab"]
seamless = true
seamless_blend_skirt = 1.0
color_ramp = SubResource("Gradient_to1x2")
noise = SubResource("FastNoiseLite_g8pos")

[sub_resource type="Gradient" id="Gradient_f3l76"]
offsets = PackedFloat32Array(0.309051, 0.671082)

[sub_resource type="FastNoiseLite" id="FastNoiseLite_l057t"]
noise_type = 2
seed = 77
frequency = 0.0295
fractal_type = 2
fractal_lacunarity = 3.54
fractal_weighted_strength = 0.29

[sub_resource type="NoiseTexture3D" id="NoiseTexture3D_44ck5"]
width = 128
height = 128
depth = 128
seamless = true
seamless_blend_skirt = 0.058
normalize = false
color_ramp = SubResource("Gradient_f3l76")
noise = SubResource("FastNoiseLite_l057t")

[sub_resource type="ShaderMaterial" id="ShaderMaterial_w18yt"]
render_priority = 0
shader = ExtResource("5_encjm")
shader_parameter/cloud_noise_texture = SubResource("NoiseTexture3D_7s4ab")
shader_parameter/CloudNoiseUVTiling = 1.429
shader_parameter/CloudNoiseTilingMagnitude = 0.379
shader_parameter/cloud_threshold = 0.141
shader_parameter/cloud_threshold_multiplier = 4.291
shader_parameter/GPUKiller = 225
shader_parameter/GPUSaver = 0.41
shader_parameter/cloud_scroll_speed = 0.0
shader_parameter/minBounds = Vector3(-4096, 256, -4096)
shader_parameter/maxBounds = Vector3(4096, 576, 4096)
shader_parameter/detail_noise_texture = SubResource("NoiseTexture3D_44ck5")
shader_parameter/DetailNoiseInfluenceOnFinalResult = 51.373
shader_parameter/detail_scroll_speed = -10.0
shader_parameter/DetailNoiseUVTiling = 2.0
shader_parameter/light_direction = Vector3(2.075, -0.23, 0.5)
shader_parameter/cloud_movement_direction = Vector3(0.0001, -0.0001, 0.0001)
shader_parameter/cloud_movement_speed = 0.515
shader_parameter/cloudMovementMagnitude = 0.0
shader_parameter/LightCorrection = 0.58
shader_parameter/cloud_alpha = 4.0
shader_parameter/cloud_color = Color(0, 0, 0, 1)

[sub_resource type="BoxMesh" id="BoxMesh_ec70e"]
lightmap_size_hint = Vector2i(14, 21)

[sub_resource type="Animation" id="Animation_7s4ab"]
length = 0.001
tracks/0/type = "value"
tracks/0/imported = false
tracks/0/enabled = true
tracks/0/path = NodePath("Yacht Rig/Yacht:rotation")
tracks/0/interp = 1
tracks/0/loop_wrap = true
tracks/0/keys = {
"times": PackedFloat32Array(0),
"transitions": PackedFloat32Array(1),
"update": 0,
"values": [Vector3(0.00355501, 2.87981, 0.0132678)]
}

[sub_resource type="Animation" id="Animation_g8pos"]
resource_name = "yacht_bob"
length = 5.0
loop_mode = 1
tracks/0/type = "value"
tracks/0/imported = false
tracks/0/enabled = true
tracks/0/path = NodePath("Yacht Rig/Yacht:rotation")
tracks/0/interp = 2
tracks/0/loop_wrap = true
tracks/0/keys = {
"times": PackedFloat32Array(0, 2.06667, 4.26667),
"transitions": PackedFloat32Array(1, 1, 1),
"update": 0,
"values": [Vector3(0, 2.87979, 0), Vector3(0.00174533, 2.87979, 0.010472), Vector3(-0.0333326, 2.87965, 0.00202203)]
}

[sub_resource type="AnimationLibrary" id="AnimationLibrary_7s4ab"]
_data = {
&"RESET": SubResource("Animation_7s4ab"),
&"yacht_bob": SubResource("Animation_g8pos")
}

[sub_resource type="Animation" id="Animation_l057t"]
length = 0.001
tracks/0/type = "value"
tracks/0/imported = false
tracks/0/enabled = true
tracks/0/path = NodePath("Camera3D:position")
tracks/0/interp = 1
tracks/0/loop_wrap = true
tracks/0/keys = {
"times": PackedFloat32Array(0),
"transitions": PackedFloat32Array(1),
"update": 0,
"values": [Vector3(1.0524, -11.9805, -9.22791)]
}

[sub_resource type="Animation" id="Animation_f3l76"]
resource_name = "camera_sutle_movement"
length = 30.0
tracks/0/type = "value"
tracks/0/imported = false
tracks/0/enabled = true
tracks/0/path = NodePath("Camera3D:position")
tracks/0/interp = 2
tracks/0/loop_wrap = true
tracks/0/keys = {
"times": PackedFloat32Array(0, 30),
"transitions": PackedFloat32Array(1, 1),
"update": 0,
"values": [Vector3(-0.6687, -11.9805, -9.22791), Vector3(3, -11.98, -9.228)]
}

[sub_resource type="AnimationLibrary" id="AnimationLibrary_44ck5"]
_data = {
&"RESET": SubResource("Animation_l057t"),
&"camera_sutle_movement": SubResource("Animation_f3l76")
}

[node name="World" type="Node3D"]
script = ExtResource("1_4d7y3")

[node name="WorldEnvironment" type="WorldEnvironment" parent="."]
environment = ExtResource("2_g8pos")

[node name="DirectionalLight3D" type="DirectionalLight3D" parent="."]
transform = Transform3D(0.863395, 0.390681, -0.319244, 0, 0.632758, 0.77435, 0.504528, -0.66857, 0.54632, 0, 0, 0)
light_energy = 1.692
light_indirect_energy = 0.827
shadow_enabled = true
directional_shadow_fade_start = 0.655
directional_shadow_max_distance = 150.0
script = ExtResource("6_to1x2")

[node name="Camera3D" type="Camera3D" parent="."]
transform = Transform3D(0.999733, 0.00652123, -0.0221486, 0, 0.959284, 0.282442, 0.0230887, -0.282367, 0.959029, 1.0524, -11.9805, -9.22791)
current = true

[node name="MainLayer" type="CanvasLayer" parent="Camera3D"]

[node name="BlackFade" type="ColorRect" parent="Camera3D/MainLayer"]
anchors_preset = 15
anchor_right = 1.0
anchor_bottom = 1.0
grow_horizontal = 2
grow_vertical = 2
mouse_filter = 2
color = Color(0, 0, 0, 1)

[node name="MinimalDialogue" parent="Camera3D/MainLayer" instance=ExtResource("4_7s4ab")]

[node name="SeaWater" type="MeshInstance3D" parent="."]
transform = Transform3D(2896.94, 0, 0, 0, 314.222, 0, 0, 0, 3775.78, -0.552, -172.612, -24.36)
mesh = SubResource("BoxMesh_7s4ab")
script = ExtResource("3_os8dc")

[node name="Yacht Rig" type="Node3D" parent="."]
transform = Transform3D(1, 0, 0, 0, 1, 0, 0, 0, 1, -1.22068, -15.4248, -17.6352)

[node name="Yacht" parent="Yacht Rig" instance=ExtResource("4_os8dc")]
transform = Transform3D(-1.08173, 0.0153835, 0.289859, 0.0148594, 1.11989, -0.00398162, -0.289884, 6.83216e-08, -1.08184, 0, 0.110003, 0)

[node name="Collision" type="StaticBody3D" parent="Yacht Rig/Yacht"]

[node name="CollisionShape3D" type="CollisionShape3D" parent="Yacht Rig/Yacht/Collision"]
transform = Transform3D(1, 1.01301e-08, 0, 2.33691e-07, 1, -1.40226e-11, -5.96046e-07, -3.40088e-09, 1, -1.23709, 2.7739, 0.00517273)
shape = SubResource("BoxShape3D_7s4ab")
debug_color = Color(1, 0.21, 0.223166, 1)

[node name="CollisionShape3D6" type="CollisionShape3D" parent="Yacht Rig/Yacht/Collision"]
transform = Transform3D(1, -2.37697e-07, 4.17233e-07, 8.95357e-07, 1, -1.2488e-07, -7.7486e-07, -3.55186e-08, 1, -2.32365, 0.845821, 1.96053)
shape = SubResource("BoxShape3D_ec70e")
debug_color = Color(1, 0.21, 0.223166, 1)

[node name="CollisionShape3D11" type="CollisionShape3D" parent="Yacht Rig/Yacht/Collision"]
transform = Transform3D(1, -2.30984e-07, 4.17233e-07, 1.01916e-06, 1, -1.83778e-07, -1.16229e-06, -3.99003e-08, 1, -4.25493, 0.629971, -1.56009)
shape = SubResource("BoxShape3D_smf4g")
debug_color = Color(1, 0.21, 0.223166, 1)

[node name="CollisionShape3D12" type="CollisionShape3D" parent="Yacht Rig/Yacht/Collision"]
transform = Transform3D(0.999529, 0.000115068, 0.0306755, -0.00010166, 1, -0.000408887, -0.0306761, 0.000405313, 0.999529, -5.13258, 0.642664, -1.26059)
shape = SubResource("BoxShape3D_2wqp2")
debug_color = Color(1, 0.21, 0.223166, 1)

[node name="CollisionShape3D8" type="CollisionShape3D" parent="Yacht Rig/Yacht/Collision"]
transform = Transform3D(0.999099, -0.000139143, -0.0424293, 0.000163697, 1, 0.000559653, 0.0424289, -0.000566228, 0.999099, -2.27902, 0.835771, -1.86305)
shape = SubResource("BoxShape3D_yeq2m")
debug_color = Color(1, 0.21, 0.223166, 1)

[node name="CollisionShape3D9" type="CollisionShape3D" parent="Yacht Rig/Yacht/Collision"]
transform = Transform3D(0.0218123, 0.00942519, -0.999722, 0.0165342, 0.999815, 0.00978654, 0.999629, -0.0167424, 0.0216541, -4.17888, 0.855494, -1.73934)
shape = SubResource("BoxShape3D_44ck5")
debug_color = Color(1, 0.21, 0.223166, 1)

[node name="CollisionShape3D15" type="CollisionShape3D" parent="Yacht Rig/Yacht/Collision"]
transform = Transform3D(0.0218121, 0.00942519, -0.999723, 0.0165343, 0.999815, 0.00978692, 0.999632, -0.0167424, 0.0216541, -7.0131, 0.499772, -0.00297165)
shape = SubResource("BoxShape3D_n7233")
debug_color = Color(1, 0.21, 0.223166, 1)

[node name="CollisionShape3D10" type="CollisionShape3D" parent="Yacht Rig/Yacht/Collision"]
transform = Transform3D(-0.0651886, 0.00980201, -0.997826, 0.0176217, 0.999807, 0.00867024, 0.997717, -0.0170182, -0.0653477, -4.61187, 0.870714, 1.66323)
shape = SubResource("BoxShape3D_gk6k1")
debug_color = Color(1, 0.21, 0.223166, 1)

[node name="CollisionShape3D13" type="CollisionShape3D" parent="Yacht Rig/Yacht/Collision"]
transform = Transform3D(0.115467, 0.00743518, -0.993284, 0.0152086, 0.999841, 0.00925236, 0.993195, -0.0161747, 0.115336, -0.752699, 0.822564, 1.65659)
shape = SubResource("BoxShape3D_gk6k1")
debug_color = Color(1, 0.21, 0.223166, 1)

[node name="CollisionShape3D14" type="CollisionShape3D" parent="Yacht Rig/Yacht/Collision"]
transform = Transform3D(-0.069438, 0.00985946, -0.99754, 0.0176771, 0.999806, 0.00865131, 0.997436, -0.0170328, -0.0695968, -0.324279, 0.907104, -1.4614)
shape = SubResource("BoxShape3D_gk6k1")
debug_color = Color(1, 0.21, 0.223166, 1)

[node name="CollisionShape3D7" type="CollisionShape3D" parent="Yacht Rig/Yacht/Collision"]
transform = Transform3D(1, 8.31382e-08, 0, 6.69046e-07, 0.999995, 1.76124e-08, -4.76837e-07, 1.6376e-07, 1, -1.57556, -0.0213661, 0.0959225)
shape = SubResource("BoxShape3D_w18yt")
debug_color = Color(1, 0.21, 0.223166, 1)

[node name="CollisionShape3D4" type="CollisionShape3D" parent="Yacht Rig/Yacht/Collision"]
transform = Transform3D(1, 3.42381e-07, 0, 5.90754e-07, 1, -7.47455e-11, -6.85453e-07, 6.94342e-08, 1, -0.693013, 2.7739, 1.36755)
shape = SubResource("BoxShape3D_f3l76")
debug_color = Color(1, 0.21, 0.223166, 1)

[node name="CollisionShape3D5" type="CollisionShape3D" parent="Yacht Rig/Yacht/Collision"]
transform = Transform3D(1, 3.44406e-07, 0, 5.92617e-07, 1, -7.47455e-11, -6.85453e-07, 6.95759e-08, 1, -0.773685, 2.76475, -1.50756)
shape = SubResource("BoxShape3D_f3l76")
debug_color = Color(1, 0.21, 0.223166, 1)

[node name="CollisionShape3D2" type="CollisionShape3D" parent="Yacht Rig/Yacht/Collision"]
transform = Transform3D(0.865604, 3.29199e-06, -0.50073, 0.00356414, 0.999975, 0.00616605, 0.500717, -0.00712141, 0.865582, -5.71339, 2.77024, 0.917542)
shape = SubResource("BoxShape3D_l057t")
debug_color = Color(1, 0.21, 0.223166, 1)

[node name="CollisionShape3D3" type="CollisionShape3D" parent="Yacht Rig/Yacht/Collision"]
transform = Transform3D(0.866494, 0.00354661, 0.499176, -2.64064e-06, 0.999972, -0.00709808, -0.49919, 0.00614865, 0.866472, -5.74448, 2.76414, -0.912895)
shape = SubResource("BoxShape3D_l057t")
debug_color = Color(1, 0.21, 0.223166, 1)

[node name="GreenLever" parent="Yacht Rig/Yacht" instance=ExtResource("8_f3l76")]
transform = Transform3D(0.364667, 1.08731e-08, -1.49012e-08, -2.26454e-11, 0.364667, -1.70488e-09, 2.23517e-08, 4.67706e-10, 0.364667, -0.719315, 1.3168, 0.740069)

[node name="Clouds" type="MeshInstance3D" parent="."]
transform = Transform3D(8192, 0, 0, 0, 128, 0, 0, 0, 8192, 0, 128, 0)
material_override = SubResource("ShaderMaterial_w18yt")
mesh = SubResource("BoxMesh_ec70e")

[node name="Yacht Bob" type="AnimationPlayer" parent="."]
libraries = {
&"": SubResource("AnimationLibrary_7s4ab")
}
autoplay = "yacht_bob"

[node name="Camera_Sutle_Movement" type="AnimationPlayer" parent="."]
libraries = {
&"": SubResource("AnimationLibrary_44ck5")
}
autoplay = "camera_sutle_movement"

[editable path="Yacht Rig/Yacht"]
[editable path="Yacht Rig/Yacht/GreenLever"]
[editable path="Yacht Rig/Yacht/GreenLever/Interactable Component"]
[editable path="Yacht Rig/Yacht/GreenLever/Interactable Component/Contents/UI/SubViewport/MessageWithKeyUI_1"]
[editable path="Yacht Rig/Yacht/GreenLever/Interactable Component/Contents/UI/SubViewport/MessageWithKeyUI_2"]
[editable path="Yacht Rig/Yacht/GreenLever/Interactable Component/Contents/UI/SubViewport/MessageWithKeyUI_3"]
[editable path="Yacht Rig/Yacht/GreenLever/Interactable Component/Contents/UI/SubViewport/MessageWithKeyUI_4"]
